기존 랜드마크 출력 형태
landmarks[[138, 167], [137, 187], [138, 207], [141, 227], [147, 245], [157, 263], [171, 277], [185, 287], [203, 290], [219, 287], [233, 276], [245, 263], [255, 247], [264, 230], [269, 212], [271, 193], [271, 175], [158, 150], [167, 145], [178, 146], [189, 150], [198, 155], [221, 156], [230, 152], [241, 148], [253, 151], [260, 159], [209, 170], [209, 182], [210, 194], [210, 207], [197, 217], [202, 219], [208, 221], [214, 221], [219, 219], [169, 165], [176, 162], [184, 163], [191, 169], [183, 170], [175, 169], [225, 173], [233, 168], [241, 168], [247, 173], [241, 175], [233, 175], [184, 245], [195, 240], [203, 236], [207, 239], [212, 237], [218, 242], [223, 248], [216, 253], [209, 256], [204, 257], [199, 256], [192, 253], [188, 245], [202, 243], [207, 244], [211, 244], [219, 247], [210, 247], [205, 248], [201, 247]]

face head box landmark 형태
<numby.ndarray>
marks[[0.15617982 0.38918316]
 [0.16110411 0.47608835]
 [0.1766185  0.55159545]
 [0.17796762 0.6376888 ]
 [0.20231208 0.6914248 ]
 [0.24554187 0.7626373 ]
 [0.29238003 0.8243199 ]
 [0.3762435  0.8484956 ]
 [0.44348276 0.8536791 ]
 [0.55217767 0.84996563]
 [0.6425633  0.8416842 ]
 [0.7120847  0.7932823 ]
 [0.7832954  0.7206398 ]
 [0.8262464  0.6460217 ]
 [0.8426942  0.5548532 ]
 [0.8464151  0.44726217]
 [0.85884243 0.35534304]
 [0.15432689 0.25732005]
 [0.19832993 0.21746883]
 [0.25441706 0.18330714]
 [0.32559717 0.19911018]
 [0.37001035 0.2167125 ]
 [0.49871105 0.19389766]
 [0.5571933  0.1680117 ]
 [0.60981375 0.17704973]
 [0.67134476 0.18752602]
 [0.72220963 0.2474761 ]
 [0.43245488 0.29277813]
 [0.42436802 0.33335868]
 [0.4107809  0.36840484]
 [0.41487274 0.3967803 ]
 [0.3788896  0.4795881 ]
 [0.38881508 0.49122941]
 [0.4296206  0.50776166]
 [0.45059848 0.49055204]
 [0.4914919  0.48461032]
 [0.24189334 0.33069468]
 [0.28077376 0.32705176]
 [0.3132373  0.312667  ]
 [0.34710082 0.32303804]
 [0.31037998 0.33492208]
 [0.27642632 0.3303778 ]
 [0.53512454 0.3149129 ]
 [0.5708678  0.29725826]
 [0.60193026 0.32490873]
 [0.65161586 0.32017344]
 [0.60148627 0.3156522 ]
 [0.57544607 0.32687634]
 [0.32186338 0.6200475 ]
 [0.35105115 0.5667298 ]
 [0.40031677 0.5456494 ]
 [0.43976355 0.55479985]
 [0.46087158 0.5457405 ]
 [0.5354365  0.5787424 ]
 [0.59940153 0.6187478 ]
 [0.513835   0.64396036]
 [0.46985185 0.6633339 ]
 [0.43471238 0.66423756]
 [0.40034217 0.66240036]
 [0.3556042  0.6500459 ]
 [0.3518146  0.6144354 ]
 [0.39690983 0.58774054]
 [0.42121354 0.58535933]
 [0.46903977 0.5726045 ]
 [0.5579418  0.6169418 ]
 [0.46763128 0.6224418 ]
 [0.43220297 0.6247528 ]
 [0.41295123 0.6112422 ]]




원본 marks:[[0.13323838 0.3066916 ]
 [0.13954386 0.40559232]
 [0.14263129 0.4997951 ]
 [0.14876476 0.60071504]
 [0.17720082 0.69120824]
 [0.23999162 0.7772511 ]
 [0.30502087 0.83297014]
 [0.40237737 0.8846635 ]
 [0.49912888 0.8886331 ]]
134 : [[ 17.853943  41.096672]
 [ 18.698877  54.349373]
 [ 19.112593  66.97254 ]
 [ 19.934477  80.49582 ]
 [ 23.744911  92.6219  ]
 [ 32.15888  104.15165 ]
 [ 40.872795 111.618   ]
 [ 53.918568 118.544914]
 [ 66.88327  119.07683 ]]
[[321.85394  132.09668 ]
 [322.69888  145.34937 ]
 [323.11258  157.97253 ]
 [323.93448  171.49582 ]
 [327.7449   183.6219  ]
 [336.15887  195.15164 ]
 [344.8728   202.618   ]
 [357.91858  209.54492 ]
 [370.88327  210.07683 ]]